,optimizer_gain,dither_amplitude,dither_frequency,convergence_time,log10gain
0,0.0042611366555621,0.084824609436748,0.381397428052744,6.59,-2.37047453765947
1,0.0048481393387957,0.142388370457547,0.447890083030266,9.62,-2.3144249067459635
2,0.0027550538666112,0.136688953337291,0.26906883020019,8.63,-2.559869905435317
3,0.0076170655479757,0.480378594529319,0.402805688621422,9.85,-2.1182123071082484
4,0.0033846359137242,0.298826020008275,0.30966927920342,9.54,-2.4704880416508472
5,0.0089387092649486,0.470675096563306,0.467228627125731,9.95,-2.0487251880922686
6,0.00261938758578,0.126380584642403,0.249597042648116,6.35,-2.5818002350946463
7,0.0023530495217537,0.0859085745244113,0.282199125468749,8.81,-2.628368932663312
8,0.0049454608272721,0.406873939384706,0.322526553156098,8.36,-2.3057932338106584
9,0.0058973076442461,0.127787140283946,0.481025809175825,7.58,-2.2293462158353106
10,0.0064510307332953,0.15016339602688,0.440717920026829,8.82,-2.1903708890827343
11,0.008492915982132,0.101928068871883,0.466415681614445,3.99,-2.0709431722389056
12,0.0078048001654911,0.374911893022595,0.438174629074659,7.89,-2.107638212157688
13,0.0049166719749387,0.33201242585799,0.326253325579474,7.56,-2.3083287655203266
14,0.0058787178113437,0.21923094494087,0.40384484444256,6.31,-2.2307173861993546
15,0.0027578639811507,0.188251713853453,0.254665596118096,6.48,-2.5594271571929443
16,0.0054833187930404,0.416296299145431,0.340055930830045,9.79,-2.2609565040647985
17,0.0021946229458219,0.146126908246122,0.187308017715885,8.56,-2.65864008435814
18,0.0048064262684881,0.441496773134152,0.313349619771139,8.57,-2.318177715462457
19,0.0089041276604503,0.316545646558257,0.463658328652633,6.31,-2.0504086220525397
20,0.0031602484427077,0.392830701178407,0.230488717590223,9.87,-2.5002787740095256
21,0.0022988793442426,0.0880330788381567,0.258318710776952,9.98,-2.6384838219037197
22,0.0070014999532079,0.276555813973329,0.413513596490764,5.94,-2.1548089097545575
23,0.0015118152522872,0.160466788622792,0.180663839788136,9.22,-2.820501277495176
24,0.0053878430723738,0.459638038996184,0.31308558045284,9.33,-2.2685850621314247
25,0.0053558333694943,0.101309456468397,0.382404582807814,4.03,-2.271172943205
26,0.0029410102713801,0.181954873925504,0.117888213185743,9.53,-2.531503458731316
27,0.0033765696135199,0.340345558279572,0.291290316326421,9.19,-2.4715242921585454
28,0.0078478709213919,0.145634711949261,0.489239788736137,4.91,-2.1052481486694226
29,0.0047129023419793,0.37078080303602,0.331776700959853,8.61,-2.32671155934474
30,0.0065572397630886,0.470439822033065,0.359292218531751,9.61,-2.1832789362232785
31,0.0036191709222863,0.186439438130322,0.316979733773936,7.25,-2.4413909060178285
32,0.00971434929346,0.318415732024743,0.462831966962236,9.54,-2.012586284896853
33,0.0057064191357118,0.377985968825181,0.352047626165802,7.37,-2.2436363326365902
34,0.0041817533325545,0.32938265443273,0.310275465080494,8.06,-2.3786415883212864
35,0.0084548628949453,0.290633788840857,0.424187586599961,9.52,-2.0728934305797204
36,0.0052847703274912,0.388769094922145,0.372967543506051,9.87,-2.2769738820879875
37,0.008315089686336,0.451539383247366,0.431622114034616,8.05,-2.080133062130479
38,0.0074931687201421,0.311385233033164,0.464479869988138,8.14,-2.1253344884880123
39,0.0060411423967354,0.232420846856963,0.436133103425266,8.35,-2.218880927325065
40,0.0069819481963824,0.17355263721596,0.422572578166915,5.56,-2.1560233778232907
41,0.0058562137620758,0.198736311858421,0.429694544666517,5.83,-2.2323830791498684
42,0.0046009912301967,0.48252226625587,0.272971668952599,9.47,-2.3371485945293378
43,0.0077334803431005,0.0398875765185756,0.424646730275535,6.9,-2.1116250140196473
44,0.0068067259809688,0.109189443243038,0.380424522695461,4.79,-2.1670617324787793
45,0.0043781447465893,0.192676477472285,0.421853281297475,9.86,-2.358709884246881
46,0.0067489725025795,0.311280631789422,0.426515055913394,7.89,-2.17076234130628
47,0.002610334649627,0.172969030902315,0.297990765371058,8.76,-2.583303811753758
48,0.0034224057198609,0.206697931075289,0.302392145877286,8.71,-2.4656685069363067
49,0.0024343488731793,0.184685416219799,0.257858743524313,9.91,-2.6136171817184377
50,0.0094907597467129,0.405907664552673,0.448723297579126,6.02,-2.022699020386395
51,0.0036264777869931,0.1857201846305,0.309518241027339,7.54,-2.4405149783472417
52,0.0056194258341072,0.0236584526345583,0.444803550899468,8.95,-2.2503080562845974
53,0.0090632588659306,0.346431108819168,0.493350854801031,7.21,-2.042715615456725
54,0.0056944971113351,0.251660424788112,0.416772719346148,7.86,-2.2445446230186947
55,0.0036831577498083,0.104817329807124,0.234510337669129,6.67,-2.433779679894991
56,0.0018171468914016,0.196511501392014,0.191106578746934,8.68,-2.740609964521
57,0.0024220716264227,0.23839717125915,0.259018253098323,9.67,-2.6158130178815795
58,0.0021205157335524,0.169415184811088,0.193525432650317,8.29,-2.673558500865371
59,0.003870029913968,0.101710904520511,0.314241479189971,7.76,-2.4122856780247517
60,0.0041011592614195,0.124599778386739,0.394745697642536,6.42,-2.387093365310742
61,0.0042674494517665,0.213809190124426,0.399441581543703,8.96,-2.369831614430896
62,0.0086452089400328,0.146127773546787,0.379676688009107,9.77,-2.0632245061024066
63,0.0050605130656377,0.176106619180741,0.363023736323423,6.1,-2.2958054495081415
64,0.0092352420531894,0.340489398461923,0.466937611707363,5.52,-2.034551717333988
65,0.0026643352323261,0.135702252731324,0.186316962457429,8.18,-2.574411132208267
66,0.0051234714585951,0.321892726096162,0.376144833586208,9.28,-2.2904356787819764
67,0.0043721602753224,0.341133431288362,0.307641877782926,7.93,-2.3593039259967488
68,0.0063754858326599,0.201452882067076,0.384822308745725,4.11,-2.195486714987515
69,0.0033913563451444,0.159347460420239,0.253911922504766,6.16,-2.4696265745395247
70,0.0066779470109393,0.163813463616046,0.489712446724005,7.11,-2.1753570313655004
71,0.0077082534731842,0.201178879190812,0.460050732261775,5.73,-2.113044012725036
72,0.0023989417281108,0.205936694044268,0.261684560037294,9.95,-2.6199803012056964
73,0.0084778338338213,0.373712671498173,0.484051645508258,9.25,-2.071715099888782
74,0.003556773871678,0.172547699705182,0.147430016364438,7.57,-2.4489437449925164
75,0.0098440091760754,0.486932891695999,0.424972345516935,8.03,-2.0068279901422286
76,0.0052752069504604,0.169831191542491,0.38799004210153,5.78,-2.2777604979866726
77,0.0072540059058796,0.122134266529752,0.453903138431145,5.02,-2.1394220951727507
78,0.0054404141872835,0.342524934378043,0.389669217533957,8.76,-2.264368035521622
79,0.0056114545496425,0.222825731119152,0.382680946629701,6.07,-2.2509245503295405
80,0.0080704681777162,0.353111565177819,0.49545704106004,8.11,-2.093101270593796
81,0.0098126024373399,0.142251213856543,0.417087696043363,9.96,-2.0082157964643477
82,0.0057517646795445,0.467487486638015,0.32290960040376,8.49,-2.2401988904391312
83,0.0067947214697076,0.0298472689069175,0.473073293437015,5.34,-2.167828341234399
84,0.0063421233653516,0.395826610197731,0.401753571205322,9.0,-2.1977653144422677
85,0.004598643493802,0.0768502693045334,0.396122226824706,6.58,-2.337370257457031
86,0.0080659317594818,0.139635511456001,0.468403442840372,3.32,-2.0933454565914626
87,0.007348159528934,0.141964966199087,0.315621125272662,9.4,-2.1338214237075914
88,0.005404546757623,0.202104175023865,0.407599647561071,8.47,-2.267240721491782
89,0.0020675242829162,0.166125472218906,0.158626171505631,9.96,-2.6845493809896457
90,0.008143253389876,0.104567213391472,0.391698700026235,5.47,-2.0892020512549614
91,0.0090854678106296,0.461574130458739,0.415207319442035,8.31,-2.0416527059625103
92,0.0027737573410049,0.261729920556718,0.265950420921404,9.27,-2.55693153535797
93,0.0086406323365393,0.158662831809311,0.446754813763531,7.12,-2.063454473930727
94,0.0055701625746131,0.357048190938946,0.336925397852193,7.07,-2.2541321290225027
95,0.0049620201936764,0.38947568398041,0.365400495383402,9.78,-2.3043414726344698
96,0.0035562619953467,0.114824555524223,0.379007863540715,9.09,-2.449006251373938
97,0.0068536866453169,0.104034938243566,0.416962637192963,3.61,-2.1640757556576427
98,0.008901838428143,0.221725859391335,0.456487173656503,8.57,-2.050520292597051
99,0.0048598771424436,0.0645146178510132,0.403649939454231,9.93,-2.313374709551127
100,0.0023869704595398,0.150099760430377,0.230625892952968,7.02,-2.622152955663645
101,0.0070297515554541,0.137761747853248,0.355410359873257,9.71,-2.153060023486859
102,0.0037465714262064,0.143032991319136,0.1974817966729,7.65,-2.4263659834151095
103,0.0025866293768555,0.163707649489026,0.279818330732242,8.63,-2.5872657943671267
104,0.0096154163587444,0.471105778383084,0.476268606474224,9.19,-2.017031905560684
105,0.0050263001499554,0.118627405643973,0.384005272791401,5.88,-2.2987515806902774
106,0.0086201176185176,0.484394829603277,0.401589231505602,8.53,-2.0644868083371586
107,0.0034232977541469,0.0934241169484327,0.288245961719297,8.17,-2.465555324829678
108,0.002771576219394,0.0153804048992434,0.406568090821205,7.06,-2.5572731736448304
109,0.0087384941570734,0.43343635563503,0.441372759238663,7.95,-2.0585633998161934
110,0.0014255667791853,0.212155803749968,0.0693968458163931,9.41,-2.8460124338070707
111,0.0037908252013898,0.0729087089133963,0.41062138678494,8.19,-2.4212662408497625
112,0.0057108388509645,0.34414620293642,0.339686330622645,6.56,-2.2433000946284887
113,0.0060934242480148,0.423672822118328,0.338997807340212,7.21,-2.2151385835434145
114,0.0073756235439216,0.314164192410103,0.481189050839295,8.23,-2.132201258029514
115,0.005994982449509,0.240046214473226,0.37901110219846,6.16,-2.2222120839733983
116,0.0059251434006027,0.328565237087849,0.460514298712057,9.92,-2.2273011343749354
117,0.0051921176035202,0.0263525947374927,0.431283966568534,5.66,-2.284655479154251
118,0.0057320100725856,0.431113626546866,0.354722000737225,9.65,-2.2416930551092182
119,0.0074318944966594,0.218920415922193,0.421805619007972,3.89,-2.128900464224839
120,0.0074047283998639,0.263944775472927,0.467748706283563,8.04,-2.1304908664612885
121,0.0039597243667615,0.0976219256528278,0.357588704592065,7.01,-2.4023350439130566
122,0.005669156572389,0.151959124734797,0.450043130265319,7.43,-2.2464815483740765
123,0.0094415128730633,0.120672401320849,0.498645066416171,3.05,-2.024958410386234
124,0.0027763996990831,0.256704013651963,0.269005346739888,9.49,-2.5565180113401853
125,0.0025765481820364,0.189561215379489,0.247444935943552,9.52,-2.5889617317214855
126,0.007064571702654,0.334151474047743,0.4712465557774,9.33,-2.15091416259282
127,0.0057721543310502,0.273701580564546,0.370924292668526,6.32,-2.238662065619526
128,0.0059147176035879,0.085713367144724,0.353184017087597,5.4,-2.228065985800416
129,0.0073072980396852,0.335788004272305,0.388844687813436,5.91,-2.1362431789075558
130,0.0038971594367046,0.0347333436345812,0.334382288479661,7.2,-2.4092518264206504
131,0.004006955310791,0.0626059735009614,0.438917816614087,7.94,-2.39718550118724
132,0.0039353909104355,0.200547753071452,0.310822360855405,5.33,-2.4050121218022573
133,0.0065202436806558,0.44210202458221,0.371486276625307,8.83,-2.1857361731044964
134,0.0069454224985601,0.389822768135852,0.406780885883238,8.03,-2.1583013304573626
135,0.0054244812110102,0.11790633270986,0.488688248570571,7.41,-2.2656417907456476
136,0.0043472292804617,0.314154175742153,0.35044232730666,9.34,-2.3617874537559325
137,0.0039535405352225,0.0806980788697947,0.427904490745532,5.85,-2.403013804069412
138,0.0036033781722487,0.385470824429704,0.268612221357741,9.32,-2.443290156555707
139,0.0053934356965858,0.398689965183184,0.331033638557264,8.75,-2.2681344947906603
140,0.0060075450982354,0.298526005730076,0.452803131328547,9.81,-2.2213029602924745
141,0.0051390199818961,0.393906035874906,0.376252318525089,9.93,-2.289119693657434
142,0.0032167606308674,0.111922619589271,0.293830347879833,7.81,-2.492581255094673
143,0.0095037986858432,0.348994281735161,0.476936640978647,6.73,-2.0221027717056224
144,0.0044214640985082,0.210309914942759,0.375765044785313,8.74,-2.3544338970274716
145,0.0024468771118677,0.233290426361515,0.107712397250897,8.55,-2.6113878414279017
146,0.0017765226661199,0.188144445159693,0.197073627975909,8.76,-2.7504292471062595
147,0.0088753742282991,0.294807235809978,0.495514248557118,6.46,-2.05181332595075
148,0.0035178759635422,0.417253779708981,0.254166897070315,9.93,-2.4537194773569078
149,0.004076985626331,0.251538202946408,0.367909056598039,9.41,-2.3896608196776286
150,0.0024929419049653,0.145534923102569,0.288190333202698,8.66,-2.603287842092687
151,0.0064890904760156,0.420261817233941,0.387703398092529,8.97,-2.187816170522955
152,0.0019470826123053,0.138457963089722,0.182308005778398,8.95,-2.710615621511716
153,0.0069937973691833,0.370041788369447,0.468408428042017,9.78,-2.155286954629058
154,0.003363900768518,0.139069654102848,0.35824594558119,7.17,-2.473156823908815
155,0.0080253457566774,0.435564323665104,0.450904544449212,9.84,-2.095536247772642
156,0.0090230881410517,0.0908323720997999,0.454595365940679,4.4,-2.0446448002533733
157,0.0097493886596152,0.487307617879536,0.448779148415361,8.83,-2.0110226161045115
158,0.0089141951996544,0.205786094282159,0.48098642819992,4.94,-2.0499178601304133
159,0.0038761128666814,0.146188401412942,0.324259811379488,7.02,-2.411603585423321
160,0.0038750385737314,0.181706813576087,0.350375671495816,7.4,-2.4117239699898483
161,0.0042765903513301,0.12727114237767,0.27672856558954,5.4,-2.3689023482181417
162,0.0071515937234472,0.330857563608157,0.436689735592658,8.51,-2.145597165447699
163,0.0041779535559807,0.120242220269665,0.430638703298883,8.4,-2.3790363921425484
164,0.0033037938952047,0.0921871424724881,0.336287681497683,7.69,-2.4809870536540912
165,0.0048498406353616,0.111750762342692,0.488088708635565,7.43,-2.3142725319792183
166,0.002407383606347,0.110067723362198,0.271606993520323,9.13,-2.6184547012307164
167,0.0037230334359804,0.111654872444724,0.268966156418589,8.83,-2.4291030634333457
168,0.0068113731947188,0.319457377507128,0.493285125130407,9.06,-2.1667653240975278
169,0.0062410059858285,0.42409731727833,0.346853040044118,7.27,-2.2047454008815364
170,0.0027144801516539,0.0193953205606154,0.368725983581052,7.84,-2.5663133295686995
171,0.0095581060990134,0.135066214288744,0.422216713812738,7.28,-2.0196281529363476
172,0.0029936860065248,0.152028006822665,0.157757375822727,9.63,-2.523793752685269
173,0.0090619044776617,0.360631459578679,0.449003924768062,5.72,-2.0427805200693325
174,0.0023576903320734,0.244302416127362,0.247044338764358,9.92,-2.627513237367892
175,0.0070708846650306,0.10994221920271,0.448893901255586,3.43,-2.150526246584226
176,0.0047174290525284,0.351930152171245,0.354646082251381,9.23,-2.3262946226579158
177,0.004712530466294,0.115314413962265,0.40942545393634,6.31,-2.326745829083106
